id;creation_date;email
1;2019-10-07T15:26:05;Emerson_Weissnat43@yahoo.com
2;2019-10-08T08:29:10;Dustin.Spencer25@gmail.com
3;2019-10-07T12:40:41;Jairo.Shanahan@hotmail.com
4;2019-10-07T18:29:45;Solon.Kirlin@yahoo.com
5;2019-10-07T19:35:09;Annabelle_Kirlin@hotmail.com
6;2019-10-08T06:42:58;Myriam.Yundt@gmail.com
7;2019-10-07T17:59:41;Allene74@gmail.com
8;2019-10-07T17:07:43;Antonietta10@yahoo.com
9;2019-10-08T10:01:46;Vern.Lang35@gmail.com
10;2019-10-07T23:14:01;Yvonne_Heidenreich94@gmail.com
